10
0.18,0.03,0.08,0.5,0.03,0.18
5,6
22,48 38,58 8,88 20,54 30,62
73,29 59,3 47,15 63,37 67,31 53,7
0.11,0.06,0.33,0.13,0.03,0.34
14,14
16,60 10,78 36,86 40,92 38,74 30,58 20,64 46,50 14,66 22,72 34,48 12,88 28,70 2,76
99,43 47,39 79,35 55,33 65,11 75,13 89,25 97,15 57,17 69,45 85,9 83,27 95,19 77,23
0.19,0.2,0.02,0.19,0.07,0.33
12,6
22,74 16,48 42,68 14,76 12,96 28,52 40,86 34,78 32,88 2,62 26,72 38,58
61,37 53,23 51,31 99,45 55,41 75,3
0.28,0.07,0.07,0.39,0.05,0.14
9,2
28,78 38,86 22,96 44,92 32,90 8,80 56,88 20,70 2,66
85,27 65,31
0.31,0.36,0.12,0.04,0.05,0.12
9,4
32,66 22,92 14,60 16,46 12,94 20,80 38,50 4,42 24,56
95,25 67,39 61,27 75,35
0.16,0.02,0.35,0.12,0.04,0.31
6,10
10,76 16,94 14,50 8,98 2,60 22,64
67,25 57,7 77,39 79,9 63,17 85,23 97,3 95,45 93,41 53,21
0.3,0.05,0.2,0.08,0.25,0.12
11,2
34,70 12,92 44,58 22,60 20,82 18,86 4,62 8,84 28,48 10,54 2,50
87,39 53,27
0.18,0.28,0.23,0.01,0.17,0.13
9,5
2,52 10,54 26,76 4,96 34,78 24,66 42,84 30,72 38,86
61,31 83,17 53,39 87,35 73,43
0.11,0.06,0.11,0.02,0.37,0.33
10,4
24,62 38,52 14,56 8,88 28,96 16,82 22,90 10,80 20,72 44,64
59,11 81,41 87,15 61,39
0.29,0.24,0.01,0.05,0.16,0.25
12,5
14,54 4,80 20,62 10,56 48,74 34,98 12,78 24,94 44,90 22,68 18,58 40,88
57,11 53,21 69,43 75,29 99,7
