5
0.14,0.04,0.21,0.45,0.04,0.12
1,8
36,86
49,15 95,7 91,37 97,25 55,17 63,39 75,45 69,11
0.34,0.04,0.21,0.04,0.14,0.23
2,13
30,86 34,64
87,5 67,3 93,7 97,31 65,35 45,15 47,25 59,13 39,21 81,27 55,33 91,17 41,23
0.23,0.09,0.13,0.31,0.14,0.1
1,4
22,54
79,17 67,7 89,25 69,23
0.21,0.11,0.15,0.23,0.19,0.11
14,11
28,64 24,98 14,76 4,56 54,92 18,90 20,68 46,84 8,80 48,88 44,60 26,96 52,66 34,72
61,43 87,3 95,33 69,27 71,19 57,47 81,39 73,5 89,45 97,13 99,37
0.1,0.06,0.06,0.09,0.04,0.65
5,7
42,96 44,84 8,74 12,70 18,78
61,11 99,15 91,43 75,45 93,33 67,9 59,51
